lemma,freq,freq_class,rank,prop,cum_sum_prop
mye,830,0,1,0.03918236321578624,0.03918236321578624
mange,754,0,2,0.035594580559882925,0.07477694377566917
stor,613,0,3,0.028938299579851768,0.10371524335552093
god,612,0,4,0.028891091913326724,0.13260633526884766
norsk,422,1,5,0.01992163527356843,0.1525279705424161
ny,416,1,6,0.019638389274418164,0.17216635981683426
hel,377,1,7,0.017797290279941463,0.1899636500967757
liten,310,1,8,0.014634376622763536,0.20459802671953925
lang,219,2,9,0.010338478968984563,0.21493650568852382
første,215,2,10,0.010149648302884388,0.2250861539914082
viktig,211,2,11,0.009960817636784214,0.2350469716281924
sist,174,2,12,0.008214133975357599,0.24326110560355002
litt,173,2,13,0.008166926308832555,0.25142803191238255
politisk,169,2,14,0.00797809564273238,0.25940612755511494
sterk,164,2,15,0.007742057310107161,0.2671481848652221
tidlig,158,2,16,0.007458811310956899,0.274606996176179
lenge,142,3,17,0.006703488646556201,0.2813104848227352
gammel,136,3,18,0.006420242647405938,0.28773072747014117
klar,134,3,19,0.006325827314355851,0.294056554784497
høy,121,3,20,0.005712127649530284,0.29976868243402727
offentlig,121,3,20,0.005712127649530284,0.30548081008355754
mulig,119,3,21,0.005617712316480197,0.31109852240003777
vanskelig,116,3,22,0.0054760893169050655,0.31657461171694284
samtidig,106,3,23,0.005004012651654629,0.32157862436859747
ofte,105,3,24,0.004956804985129585,0.32653542935372704
rett,99,3,25,0.004673558985979323,0.33120898833970636
vid,96,3,26,0.004531935986404192,0.3357409243261106
nær,93,3,27,0.004390312986829061,0.3401312373129396
svær,92,3,28,0.0043431053203040176,0.3444743426332436
veldig,92,3,28,0.0043431053203040176,0.34881744795354763
internasjonal,88,3,29,0.0041542746542038425,0.3529717226077515
bra,86,3,30,0.004059859321153755,0.3570315819289053
amerikansk,84,3,31,0.003965443988103668,0.36099702591700894
full,82,3,32,0.0038710286550535807,0.3648680545720625
økonomisk,79,3,33,0.0037294056554784496,0.368597460227541
lite,78,3,34,0.003682197988953406,0.37227965821649434
få,77,3,35,0.0036349903224283625,0.3759146485389227
særlig,77,3,35,0.0036349903224283625,0.37954963886135107
dårlig,76,3,36,0.0035877826559033185,0.3831374215172544
ung,76,3,36,0.0035877826559033185,0.3867252041731577
sen,73,4,37,0.003446159656328188,0.3901713638294859
faktisk,71,4,38,0.0033517443232781003,0.39352310815276403
spesiell,69,4,39,0.003257328990228013,0.396780437142992
ulik,69,4,39,0.003257328990228013,0.40003776613322
enkelt,68,4,40,0.003210121323702969,0.403247887456923
sikker,67,4,41,0.0031629136571779256,0.40641080111410094
kjent,65,4,42,0.0030684983241278385,0.40947929943822875
egentlig,64,4,43,0.0030212906576027945,0.41250059009583157
fast,63,4,44,0.002974082991077751,0.41547467308690933
enig,61,4,45,0.002879667658027664,0.418354340744937
lokal,61,4,45,0.002879667658027664,0.42123400840296465
alvorlig,60,4,46,0.00283245999150262,0.42406646839446727
privat,60,4,46,0.00283245999150262,0.4268989283859699
riktig,60,4,46,0.00283245999150262,0.4297313883774725
ansatt,58,4,47,0.0027380446584525328,0.43246943303592505
øke,58,4,47,0.0027380446584525328,0.43520747769437756
stadig,56,4,48,0.002643629325402445,0.43785110701978003
vond,56,4,48,0.002643629325402445,0.44049473634518244
lav,55,4,49,0.0025964216588774017,0.44309115800405985
enkel,54,4,50,0.002549213992352358,0.4456403719964122
hard,54,4,50,0.002549213992352358,0.44818958598876457
lett,54,4,50,0.002549213992352358,0.45073879998111693
snar,54,4,50,0.002549213992352358,0.4532880139734693
selvsagt,52,4,51,0.0024547986593022706,0.45574281263277155
fin,51,4,52,0.002407590992777227,0.45815040362554876
virkelig,50,4,53,0.0023603833262521834,0.460510786951801
vanlig,48,4,54,0.002265967993202096,0.4627767549450031
åpen,47,4,55,0.0022187603266770523,0.4649955152716801
glad,47,4,55,0.0022187603266770523,0.46721427559835715
andre,46,4,56,0.0021715526601520088,0.46938582825850916
kort,46,4,56,0.0021715526601520088,0.4715573809186612
rask,46,4,56,0.0021715526601520088,0.4737289335788132
nødvendig,45,4,57,0.0021243449936269652,0.47585327857244014
opptatt,45,4,57,0.0021243449936269652,0.4779776235660671
europeisk,44,4,58,0.0020771373271019212,0.48005476089316906
sentral,43,4,59,0.0020299296605768777,0.4820846905537459
tett,43,4,59,0.0020299296605768777,0.4841146202143228
trolig,43,4,59,0.0020299296605768777,0.4861445498748997
rik,41,4,60,0.0019355143275267904,0.48808006420242644
statlig,41,4,60,0.0019355143275267904,0.49001557852995326
fattig,40,4,61,0.0018883066610017466,0.491903885190955
redd,40,4,61,0.0018883066610017466,0.4937921918519568
tydelig,40,4,61,0.0018883066610017466,0.4956804985129585
betydelig,39,4,62,0.001841098994476703,0.4975215975074352
naturlig,39,4,62,0.001841098994476703,0.4993626965019119
positiv,39,4,62,0.001841098994476703,0.5012037954963886
rødgrønn,38,4,63,0.0017938913279516593,0.5029976868243403
bred,37,4,64,0.0017466836614266157,0.5047443704857669
fri,37,4,64,0.0017466836614266157,0.5064910541471935
homofil,37,4,64,0.0017466836614266157,0.5082377378086201
kirkelig,37,4,64,0.0017466836614266157,0.5099844214700467
personlig,37,4,64,0.0017466836614266157,0.5117311051314734
aktuell,36,5,65,0.001699475994901572,0.513430581126375
slett,36,5,65,0.001699475994901572,0.5151300571212765
syk,36,5,65,0.001699475994901572,0.5168295331161781
eventuell,35,5,66,0.0016522683283765284,0.5184818014445546
farlig,35,5,66,0.0016522683283765284,0.5201340697729311
fremre,35,5,66,0.0016522683283765284,0.5217863381013077
såkalt,35,5,66,0.0016522683283765284,0.5234386064296842
død,34,5,67,0.0016050606618514846,0.5250436670915357
avgjørende,33,5,68,0.001557852995326441,0.5266015200868621
generell,33,5,68,0.001557852995326441,0.5281593730821885
interessant,33,5,68,0.001557852995326441,0.529717226077515
aktiv,32,5,69,0.0015106453288013973,0.5312278714063163
direkte,32,5,69,0.0015106453288013973,0.5327385167351177
enorm,32,5,69,0.0015106453288013973,0.5342491620639191
fornøyd,32,5,69,0.0015106453288013973,0.5357598073927206
lik,32,5,69,0.0015106453288013973,0.537270452721522
sosial,32,5,69,0.0015106453288013973,0.5387810980503234
viss,32,5,69,0.0015106453288013973,0.5402917433791248
endelig,31,5,70,0.0014634376622763537,0.5417551810414011
forskjellig,31,5,70,0.0014634376622763537,0.5432186187036775
voksen,31,5,70,0.0014634376622763537,0.5446820563659538
frivillig,30,5,71,0.00141622999575131,0.5460982863617051
kristen,30,5,71,0.00141622999575131,0.5475145163574564
rød,30,5,71,0.00141622999575131,0.5489307463532077
svensk,30,5,71,0.00141622999575131,0.550346976348959
tilgjengelig,30,5,71,0.00141622999575131,0.5517632063447104
negativ,29,5,72,0.0013690223292262664,0.5531322286739366
svart,29,5,72,0.0013690223292262664,0.5545012510031629
tung,29,5,72,0.0013690223292262664,0.5558702733323891
dyp,28,5,73,0.0013218146627012226,0.5571920879950903
etisk,28,5,73,0.0013218146627012226,0.5585139026577917
felles,28,5,73,0.0013218146627012226,0.5598357173204929
ferdig,28,5,73,0.0013218146627012226,0.5611575319831941
fort,28,5,73,0.0013218146627012226,0.5624793466458953
kritisk,28,5,73,0.0013218146627012226,0.5638011613085965
nordisk,28,5,73,0.0013218146627012226,0.5651229759712977
ytterligere,28,5,73,0.0013218146627012226,0.566444790633999
flott,27,5,74,0.001274606996176179,0.5677193976301751
global,27,5,74,0.001274606996176179,0.5689940046263513
halv,27,5,74,0.001274606996176179,0.5702686116225275
øvrig,27,5,74,0.001274606996176179,0.5715432186187037
religiøs,27,5,74,0.001274606996176179,0.5728178256148798
ren,27,5,74,0.001274606996176179,0.574092432611056
trygg,27,5,74,0.001274606996176179,0.5753670396072322
22.,26,5,75,0.0012273993296511353,0.5765944389368833
begrenset,26,5,75,0.0012273993296511353,0.5778218382665344
demokratisk,26,5,75,0.0012273993296511353,0.5790492375961857
ekstra,26,5,75,0.0012273993296511353,0.5802766369258368
grunnleggende,26,5,75,0.0012273993296511353,0.5815040362554879
moderne,26,5,75,0.0012273993296511353,0.5827314355851391
omfattende,26,5,75,0.0012273993296511353,0.5839588349147902
rar,26,5,75,0.0012273993296511353,0.5851862342444413
total,26,5,75,0.0012273993296511353,0.5864136335740924
tradisjonell,26,5,75,0.0012273993296511353,0.5876410329037436
annerledes,25,5,76,0.0011801916631260917,0.5888212245668697
kraftig,25,5,76,0.0011801916631260917,0.5900014162299958
militær,25,5,76,0.0011801916631260917,0.5911816078931218
relativ,25,5,76,0.0011801916631260917,0.5923617995562479
sein,25,5,76,0.0011801916631260917,0.593541991219374
selvstendig,25,5,76,0.0011801916631260917,0.5947221828825001
streng,25,5,76,0.0011801916631260917,0.5959023745456262
utrolig,25,5,76,0.0011801916631260917,0.5970825662087523
vestlig,25,5,76,0.0011801916631260917,0.5982627578718784
feil,24,5,77,0.001132983996601048,0.5993957418684794
hvit,24,5,77,0.001132983996601048,0.6005287258650804
stolt,24,5,77,0.001132983996601048,0.6016617098616815
tredje,24,5,77,0.001132983996601048,0.6027946938582825
ytre,24,5,77,0.001132983996601048,0.6039276778548837
grei,23,5,78,0.0010857763300760044,0.6050134541849597
konkret,23,5,78,0.0010857763300760044,0.6060992305150357
populær,23,5,78,0.0010857763300760044,0.6071850068451117
avhengig,22,5,79,0.0010385686635509606,0.6082235755086626
fantastisk,22,5,79,0.0010385686635509606,0.6092621441722136
følgende,22,5,79,0.0010385686635509606,0.6103007128357645
fysisk,22,5,79,0.0010385686635509606,0.6113392814993155
gal,22,5,79,0.0010385686635509606,0.6123778501628665
historisk,22,5,79,0.0010385686635509606,0.6134164188264174
normal,22,5,79,0.0010385686635509606,0.6144549874899684
prostituert,22,5,79,0.0010385686635509606,0.6154935561535193
knapp,21,5,80,9.91360997025917e-4,0.6164849171505452
nasjonal,21,5,80,9.91360997025917e-4,0.6174762781475711
psykisk,21,5,80,9.91360997025917e-4,0.6184676391445971
samle,21,5,80,9.91360997025917e-4,0.619459000141623
uavhengig,21,5,80,9.91360997025917e-4,0.6204503611386489
vakker,21,5,80,9.91360997025917e-4,0.6214417221356748
vesentlig,21,5,80,9.91360997025917e-4,0.6224330831327007
absolutt,20,5,81,9.441533305008733e-4,0.6233772364632016
dum,20,5,81,9.441533305008733e-4,0.6243213897937024
plutselig,20,5,81,9.441533305008733e-4,0.6252655431242033
sitte,20,5,81,9.441533305008733e-4,0.6262096964547043
smittefarlig,20,5,81,9.441533305008733e-4,0.6271538497852052
daglig,19,5,82,8.969456639758296e-4,0.628050795449181
engelsk,19,5,82,8.969456639758296e-4,0.6289477411131568
fornybar,19,5,82,8.969456639758296e-4,0.6298446867771326
forurense,19,5,82,8.969456639758296e-4,0.6307416324411085
fransk,19,5,82,8.969456639758296e-4,0.6316385781050843
grønn,19,5,82,8.969456639758296e-4,0.6325355237690601
ille,19,5,82,8.969456639758296e-4,0.6334324694330359
kjedelig,19,5,82,8.969456639758296e-4,0.6343294150970118
knytte,19,5,82,8.969456639758296e-4,0.6352263607609876
objektiv,19,5,82,8.969456639758296e-4,0.6361233064249634
selvfølgelig,19,5,82,8.969456639758296e-4,0.6370202520889392
stå,19,5,82,8.969456639758296e-4,0.6379171977529151
tilsvare,19,5,82,8.969456639758296e-4,0.6388141434168909
tysk,19,5,82,8.969456639758296e-4,0.6397110890808667
umulig,19,5,82,8.969456639758296e-4,0.6406080347448425
alternativ,18,6,83,8.49737997450786e-4,0.6414577727422933
foreløpig,18,6,83,8.49737997450786e-4,0.6423075107397441
mørk,18,6,83,8.49737997450786e-4,0.6431572487371949
øvre,18,6,83,8.49737997450786e-4,0.6440069867346457
svak,18,6,83,8.49737997450786e-4,0.6448567247320965
trist,18,6,83,8.49737997450786e-4,0.6457064627295472
automatisk,17,6,84,8.025303309257423e-4,0.646508993060473
bekymre,17,6,84,8.025303309257423e-4,0.6473115233913987
biologisk,17,6,84,8.025303309257423e-4,0.6481140537223244
fremtidig,17,6,84,8.025303309257423e-4,0.6489165840532503
imponere,17,6,84,8.025303309257423e-4,0.649719114384176
juridisk,17,6,84,8.025303309257423e-4,0.6505216447151018
kald,17,6,84,8.025303309257423e-4,0.6513241750460275
løs,17,6,84,8.025303309257423e-4,0.6521267053769532
menneskelig,17,6,84,8.025303309257423e-4,0.652929235707879
nyttig,17,6,84,8.025303309257423e-4,0.6537317660388047
overraske,17,6,84,8.025303309257423e-4,0.6545342963697305
reell,17,6,84,8.025303309257423e-4,0.6553368267006562
seksuell,17,6,84,8.025303309257423e-4,0.6561393570315819
sivil,17,6,84,8.025303309257423e-4,0.6569418873625077
sjelden,17,6,84,8.025303309257423e-4,0.6577444176934334
villig,17,6,84,8.025303309257423e-4,0.6585469480243592
dyr,16,6,85,7.553226644006986e-4,0.6593022706887598
ekstrem,16,6,85,7.553226644006986e-4,0.6600575933531605
jevn,16,6,85,7.553226644006986e-4,0.6608129160175612
klassisk,16,6,85,7.553226644006986e-4,0.6615682386819619
kollektiv,16,6,85,7.553226644006986e-4,0.6623235613463626
korrekt,16,6,85,7.553226644006986e-4,0.6630788840107633
mild,16,6,85,7.553226644006986e-4,0.663834206675164
morsom,16,6,85,7.553226644006986e-4,0.6645895293395647
rolig,16,6,85,7.553226644006986e-4,0.6653448520039654
sann,16,6,85,7.553226644006986e-4,0.6661001746683661
tøff,16,6,85,7.553226644006986e-4,0.6668554973327668
åpenbar,15,6,86,7.08114997875655e-4,0.6675636123306425
bevisst,15,6,86,7.08114997875655e-4,0.6682717273285181
borgerlig,15,6,86,7.08114997875655e-4,0.6689798423263938
dansk,15,6,86,7.08114997875655e-4,0.6696879573242694
effektiv,15,6,86,7.08114997875655e-4,0.6703960723221452
ekte,15,6,86,7.08114997875655e-4,0.6711041873200208
forpliktende,15,6,86,7.08114997875655e-4,0.6718123023178965
gratis,15,6,86,7.08114997875655e-4,0.6725204173157721
hyggelig,15,6,86,7.08114997875655e-4,0.6732285323136478
kontroversiell,15,6,86,7.08114997875655e-4,0.6739366473115234
langsiktig,15,6,86,7.08114997875655e-4,0.6746447623093991
rettferdig,15,6,86,7.08114997875655e-4,0.6753528773072747
solid,15,6,86,7.08114997875655e-4,0.6760609923051504
voldsom,15,6,86,7.08114997875655e-4,0.676769107303026
britisk,14,6,87,6.609073313506113e-4,0.6774300146343766
domfelle,14,6,87,6.609073313506113e-4,0.6780909219657272
frisk,14,6,87,6.609073313506113e-4,0.6787518292970779
lei,14,6,87,6.609073313506113e-4,0.6794127366284285
motsatt,14,6,87,6.609073313506113e-4,0.6800736439597791
ond,14,6,87,6.609073313506113e-4,0.6807345512911297
rettslig,14,6,87,6.609073313506113e-4,0.6813954586224803
russisk,14,6,87,6.609073313506113e-4,0.6820563659538309
sårbar,14,6,87,6.609073313506113e-4,0.6827172732851815
spennende,14,6,87,6.609073313506113e-4,0.6833781806165321
stille,14,6,87,6.609073313506113e-4,0.6840390879478827
tilstrekkelig,14,6,87,6.609073313506113e-4,0.6846999952792333
uskyldig,14,6,87,6.609073313506113e-4,0.6853609026105839
2.,13,6,88,6.136996648255676e-4,0.6859746022754095
drøy,13,6,88,6.136996648255676e-4,0.6865883019402351
flink,13,6,88,6.136996648255676e-4,0.6872020016050606
formell,13,6,88,6.136996648255676e-4,0.6878157012698862
grov,13,6,88,6.136996648255676e-4,0.6884294009347118
kjær,13,6,88,6.136996648255676e-4,0.6890431005995373
kommunal,13,6,88,6.136996648255676e-4,0.6896568002643629
muslimsk,13,6,88,6.136996648255676e-4,0.6902704999291885
nåværende,13,6,88,6.136996648255676e-4,0.690884199594014
overbevise,13,6,88,6.136996648255676e-4,0.6914978992588396
praktisk,13,6,88,6.136996648255676e-4,0.69211159892366525
republikansk,13,6,88,6.136996648255676e-4,0.6927252985884907
rimelig,13,6,88,6.136996648255676e-4,0.6933389982533164
skikkelig,13,6,88,6.136996648255676e-4,0.6939526979181418
stygg,13,6,88,6.136996648255676e-4,0.6945663975829675
uheldig,13,6,88,6.136996648255676e-4,0.6951800972477931
unik,13,6,88,6.136996648255676e-4,0.6957937969126186
vellykket,13,6,88,6.136996648255676e-4,0.6964074965774442
ansvarlig,12,6,89,5.66491998300524e-4,0.6969739885757447
blå,12,6,89,5.66491998300524e-4,0.6975404805740452
frede,12,6,89,5.66491998300524e-4,0.6981069725723458
gjeldende,12,6,89,5.66491998300524e-4,0.6986734645706463
grundig,12,6,89,5.66491998300524e-4,0.6992399565689468
indre,12,6,89,5.66491998300524e-4,0.6998064485672473
lignende,12,6,89,5.66491998300524e-4,0.7003729405655479
lykkelig,12,6,89,5.66491998300524e-4,0.7009394325638484
mangle,12,6,89,5.66491998300524e-4,0.7015059245621489
masse,12,6,89,5.66491998300524e-4,0.7020724165604494
medisinsk,12,6,89,5.66491998300524e-4,0.7026389085587499
moralsk,12,6,89,5.66491998300524e-4,0.7032054005570505
offisiell,12,6,89,5.66491998300524e-4,0.703771892555351
omstridt,12,6,89,5.66491998300524e-4,0.7043383845536515
pen,12,6,89,5.66491998300524e-4,0.704904876551952
særskilt,12,6,89,5.66491998300524e-4,0.7054713685502525
skarp,12,6,89,5.66491998300524e-4,0.7060378605485531
sliten,12,6,89,5.66491998300524e-4,0.7066043525468536
tilsynelatende,12,6,89,5.66491998300524e-4,0.7071708445451541
usikker,12,6,89,5.66491998300524e-4,0.7077373365434546
utsatt,12,6,89,5.66491998300524e-4,0.7083038285417552
varm,12,6,89,5.66491998300524e-4,0.7088703205400557
vedkommende,12,6,89,5.66491998300524e-4,0.7094368125383562
verneverdig,12,6,89,5.66491998300524e-4,0.7100033045366567
ærlig,11,6,90,5.192843317754803e-4,0.7105225888684322
arktisk,11,6,90,5.192843317754803e-4,0.7110418732002077
billig,11,6,90,5.192843317754803e-4,0.7115611575319832
bortse,11,6,90,5.192843317754803e-4,0.7120804418637586
eksklusiv,11,6,90,5.192843317754803e-4,0.7125997261955341
fornuftig,11,6,90,5.192843317754803e-4,0.7131190105273096
forsiktig,11,6,90,5.192843317754803e-4,0.7136382948590851
interessere,11,6,90,5.192843317754803e-4,0.7141575791908605
jødisk,11,6,90,5.192843317754803e-4,0.714676863522636
klok,11,6,90,5.192843317754803e-4,0.7151961478544115
kongelig,11,6,90,5.192843317754803e-4,0.715715432186187
nøye,11,6,90,5.192843317754803e-4,0.7162347165179626
ordentlig,11,6,90,5.192843317754803e-4,0.716754000849738
radikal,11,6,90,5.192843317754803e-4,0.7172732851815135
tom,11,6,90,5.192843317754803e-4,0.717792569513289
ubehagelig,11,6,90,5.192843317754803e-4,0.7183118538450645
ukjent,11,6,90,5.192843317754803e-4,0.7188311381768399
utenlandsk,11,6,90,5.192843317754803e-4,0.7193504225086154
voldelig,11,6,90,5.192843317754803e-4,0.7198697068403909
afrikansk,10,6,91,4.7207666525043664e-4,0.7203417835056413
årlig,10,6,91,4.7207666525043664e-4,0.7208138601708918
gresk,10,6,91,4.7207666525043664e-4,0.7212859368361422
høyreekstrem,10,6,91,4.7207666525043664e-4,0.7217580135013926
involvere,10,6,91,4.7207666525043664e-4,0.7222300901666431
kinesisk,10,6,91,4.7207666525043664e-4,0.7227021668318935
kreativ,10,6,91,4.7207666525043664e-4,0.7231742434971439
kulturell,10,6,91,4.7207666525043664e-4,0.7236463201623944
levende,10,6,91,4.7207666525043664e-4,0.7241183968276448
lønnsom,10,6,91,4.7207666525043664e-4,0.7245904734928952
lovforankre,10,6,91,4.7207666525043664e-4,0.7250625501581457
målrettet,10,6,91,4.7207666525043664e-4,0.7255346268233961
mektig,10,6,91,4.7207666525043664e-4,0.7260067034886466
nøyaktig,10,6,91,4.7207666525043664e-4,0.726478780153897
perfekt,10,6,91,4.7207666525043664e-4,0.7269508568191474
synlig,10,6,91,4.7207666525043664e-4,0.7274229334843979
tilfredsstille,10,6,91,4.7207666525043664e-4,0.7278950101496483
tilnærmet,10,6,91,4.7207666525043664e-4,0.7283670868148987
undertrykke,10,6,91,4.7207666525043664e-4,0.7288391634801492
vant,10,6,91,4.7207666525043664e-4,0.7293112401453996
verdt,10,6,91,4.7207666525043664e-4,0.72978331681065
1.,9,7,92,4.24868998725393e-4,0.7302081858093754
alminnelig,9,7,92,4.24868998725393e-4,0.7306330548081008
arabisk,9,7,92,4.24868998725393e-4,0.7310579238068262
berømt,9,7,92,4.24868998725393e-4,0.7314827928055516
beruset,9,7,92,4.24868998725393e-4,0.731907661804277
beskjeden,9,7,92,4.24868998725393e-4,0.7323325308030024
bestemt,9,7,92,4.24868998725393e-4,0.7327573998017278
brutal,9,7,92,4.24868998725393e-4,0.7331822688004532
dramatisk,9,7,92,4.24868998725393e-4,0.7336071377991785
flat,9,7,92,4.24868998725393e-4,0.7340320067979039
fryktelig,9,7,92,4.24868998725393e-4,0.7344568757966293
grå,9,7,92,4.24868998725393e-4,0.7348817447953547
indirekte,9,7,92,4.24868998725393e-4,0.7353066137940801
italiensk,9,7,92,4.24868998725393e-4,0.7357314827928055
kommersiell,9,7,92,4.24868998725393e-4,0.7361563517915309
kontinuerlig,9,7,92,4.24868998725393e-4,0.7365812207902563
koreansk,9,7,92,4.24868998725393e-4,0.7370060897889817
kreve,9,7,92,4.24868998725393e-4,0.7374309587877071
kriminell,9,7,92,4.24868998725393e-4,0.7378558277864325
lede,9,7,92,4.24868998725393e-4,0.738280696785158
miljøvennlig,9,7,92,4.24868998725393e-4,0.7387055657838832
næringsdrivende,9,7,92,4.24868998725393e-4,0.7391304347826086
norsk-pakistansk,9,7,92,4.24868998725393e-4,0.739555303781334
opprinnelig,9,7,92,4.24868998725393e-4,0.7399801727800595
opptelle,9,7,92,4.24868998725393e-4,0.7404050417787849
presis,9,7,92,4.24868998725393e-4,0.7408299107775103
primær,9,7,92,4.24868998725393e-4,0.7412547797762357
problematisk,9,7,92,4.24868998725393e-4,0.7416796487749611
profesjonell,9,7,92,4.24868998725393e-4,0.7421045177736865
romantisk,9,7,92,4.24868998725393e-4,0.7425293867724119
sjokkere,9,7,92,4.24868998725393e-4,0.7429542557711373
sløv,9,7,92,4.24868998725393e-4,0.7433791247698626
strategisk,9,7,92,4.24868998725393e-4,0.743803993768588
tape,9,7,92,4.24868998725393e-4,0.7442288627673134
tiltalt,9,7,92,4.24868998725393e-4,0.7446537317660388
uenig,9,7,92,4.24868998725393e-4,0.7450786007647642
ulovlig,9,7,92,4.24868998725393e-4,0.7455034697634896
verdifull,9,7,92,4.24868998725393e-4,0.745928338762215
15.,8,7,93,3.776613322003493e-4,0.7463060000944153
23.,8,7,93,3.776613322003493e-4,0.7466836614266157
alpin,8,7,93,3.776613322003493e-4,0.747061322758816
anonym,8,7,93,3.776613322003493e-4,0.7474389840910164
definitiv,8,7,93,3.776613322003493e-4,0.7478166454232167
dyster,8,7,93,3.776613322003493e-4,0.7481943067554171
egnet,8,7,93,3.776613322003493e-4,0.7485719680876174
faglig,8,7,93,3.776613322003493e-4,0.7489496294198178
fersk,8,7,93,3.776613322003493e-4,0.7493272907520181
forferdelig,8,7,93,3.776613322003493e-4,0.7497049520842185
fullstendig,8,7,93,3.776613322003493e-4,0.7500826134164188
fundamental,8,7,93,3.776613322003493e-4,0.7504602747486192
gul,8,7,93,3.776613322003493e-4,0.7508379360808195
hellig,8,7,93,3.776613322003493e-4,0.7512155974130199
humanitær,8,7,93,3.776613322003493e-4,0.7515932587452202
inkludere,8,7,93,3.776613322003493e-4,0.7519709200774206
integrere,8,7,93,3.776613322003493e-4,0.7523485814096209
intellektuell,8,7,93,3.776613322003493e-4,0.7527262427418212
intern,8,7,93,3.776613322003493e-4,0.7531039040740216
katolsk,8,7,93,3.776613322003493e-4,0.7534815654062219
konkurs,8,7,93,3.776613322003493e-4,0.7538592267384223
konstant,8,7,93,3.776613322003493e-4,0.7542368880706226
konstruktiv,8,7,93,3.776613322003493e-4,0.754614549402823
kul,8,7,93,3.776613322003493e-4,0.7549922107350233
kvalifisere,8,7,93,3.776613322003493e-4,0.7553698720672237
litterær,8,7,93,3.776613322003493e-4,0.755747533399424
marin,8,7,93,3.776613322003493e-4,0.7561251947316244
massiv,8,7,93,3.776613322003493e-4,0.7565028560638247
meningsløs,8,7,93,3.776613322003493e-4,0.7568805173960251
merkelig,8,7,93,3.776613322003493e-4,0.7572581787282254
mistenke,8,7,93,3.776613322003493e-4,0.7576358400604258
moderat,8,7,93,3.776613322003493e-4,0.7580135013926261
muntlig,8,7,93,3.776613322003493e-4,0.7583911627248265
myk,8,7,93,3.776613322003493e-4,0.7587688240570268
oppmerksom,8,7,93,3.776613322003493e-4,0.7591464853892272
planlegge,8,7,93,3.776613322003493e-4,0.7595241467214275
prege,8,7,93,3.776613322003493e-4,0.759901808053628
redusere,8,7,93,3.776613322003493e-4,0.7602794693858282
regional,8,7,93,3.776613322003493e-4,0.7606571307180287
relevant,8,7,93,3.776613322003493e-4,0.761034792050229
sannsynlig,8,7,93,3.776613322003493e-4,0.7614124533824292
skeptisk,8,7,93,3.776613322003493e-4,0.7617901147146297
skremme,8,7,93,3.776613322003493e-4,0.76216777604683
skuffe,8,7,93,3.776613322003493e-4,0.7625454373790304
spent,8,7,93,3.776613322003493e-4,0.7629230987112307
tilfeldig,8,7,93,3.776613322003493e-4,0.7633007600434311
tragisk,8,7,93,3.776613322003493e-4,0.7636784213756314
typisk,8,7,93,3.776613322003493e-4,0.7640560827078318
utvilsom,8,7,93,3.776613322003493e-4,0.7644337440400321
videregående,8,7,93,3.776613322003493e-4,0.7648114053722325
14.,7,7,94,3.3045366567530565e-4,0.7651418590379078
aggressiv,7,7,94,3.3045366567530565e-4,0.7654723127035831
angivelig,7,7,94,3.3045366567530565e-4,0.7658027663692584
betale,7,7,94,3.3045366567530565e-4,0.7661332200349337
deilig,7,7,94,3.3045366567530565e-4,0.766463673700609
digital,7,7,94,3.3045366567530565e-4,0.7667941273662843
dyktig,7,7,94,3.3045366567530565e-4,0.7671245810319596
emosjonell,7,7,94,3.3045366567530565e-4,0.7674550346976349
flau,7,7,94,3.3045366567530565e-4,0.7677854883633102
forretningsmessig,7,7,94,3.3045366567530565e-4,0.7681159420289855
fremmed,7,7,94,3.3045366567530565e-4,0.7684463956946608
gift,7,7,94,3.3045366567530565e-4,0.7687768493603361
gøy,7,7,94,3.3045366567530565e-4,0.7691073030260114
heldig,7,7,94,3.3045366567530565e-4,0.7694377566916867
israelsk,7,7,94,3.3045366567530565e-4,0.769768210357362
kjekk,7,7,94,3.3045366567530565e-4,0.7700986640230373
komme,7,7,94,3.3045366567530565e-4,0.7704291176887126
konstitusjonell,7,7,94,3.3045366567530565e-4,0.770759571354388
libysk,7,7,94,3.3045366567530565e-4,0.7710900250200633
meteorologisk,7,7,94,3.3045366567530565e-4,0.7714204786857386
militant,7,7,94,3.3045366567530565e-4,0.7717509323514139
nyfødt,7,7,94,3.3045366567530565e-4,0.7720813860170892
nyskapende,7,7,94,3.3045366567530565e-4,0.7724118396827645
ønskelig,7,7,94,3.3045366567530565e-4,0.7727422933484398
organisk,7,7,94,3.3045366567530565e-4,0.7730727470141151
overordnet,7,7,94,3.3045366567530565e-4,0.7734032006797904
parlamentarisk,7,7,94,3.3045366567530565e-4,0.7737336543454657
passe,7,7,94,3.3045366567530565e-4,0.774064108011141
passiv,7,7,94,3.3045366567530565e-4,0.7743945616768163
prinsipiell,7,7,94,3.3045366567530565e-4,0.7747250153424916
se,7,7,94,3.3045366567530565e-4,0.7750554690081669
seriøs,7,7,94,3.3045366567530565e-4,0.7753859226738422
sint,7,7,94,3.3045366567530565e-4,0.7757163763395175
sistnevnt,7,7,94,3.3045366567530565e-4,0.7760468300051928
smertefull,7,7,94,3.3045366567530565e-4,0.7763772836708681
spansk,7,7,94,3.3045366567530565e-4,0.7767077373365434
sur,7,7,94,3.3045366567530565e-4,0.7770381910022187
teknisk,7,7,94,3.3045366567530565e-4,0.777368644667894
teknologisk,7,7,94,3.3045366567530565e-4,0.7776990983335693
totalitær,7,7,94,3.3045366567530565e-4,0.7780295519992446
uakseptabel,7,7,94,3.3045366567530565e-4,0.7783600056649199
umiddelbar,7,7,94,3.3045366567530565e-4,0.7786904593305953
unødvendig,7,7,94,3.3045366567530565e-4,0.7790209129962706
variere,7,7,94,3.3045366567530565e-4,0.7793513666619459
velkommen,7,7,94,3.3045366567530565e-4,0.7796818203276212
16.,6,7,95,2.83245999150262e-4,0.7799650663267714
17.,6,7,95,2.83245999150262e-4,0.7802483123259217
20.,6,7,95,2.83245999150262e-4,0.7805315583250719
administrativ,6,7,95,2.83245999150262e-4,0.7808148043242222
administrere,6,7,95,2.83245999150262e-4,0.7810980503233725
afghansk,6,7,95,2.83245999150262e-4,0.7813812963225227
antagelig,6,7,95,2.83245999150262e-4,0.781664542321673
attraktiv,6,7,95,2.83245999150262e-4,0.7819477883208232
avtale,6,7,95,2.83245999150262e-4,0.7822310343199735
bærekraftig,6,7,95,2.83245999150262e-4,0.7825142803191238
basere,6,7,95,2.83245999150262e-4,0.782797526318274
beklagelig,6,7,95,2.83245999150262e-4,0.7830807723174243
blank,6,7,95,2.83245999150262e-4,0.7833640183165747
blodig,6,7,95,2.83245999150262e-4,0.7836472643157248
CO2-fri,6,7,95,2.83245999150262e-4,0.7839305103148752
desperat,6,7,95,2.83245999150262e-4,0.7842137563140253
engasjere,6,7,95,2.83245999150262e-4,0.7844970023131757
entydig,6,7,95,2.83245999150262e-4,0.784780248312326
etablert,6,7,95,2.83245999150262e-4,0.7850634943114762
evangelisk-luthersk,6,7,95,2.83245999150262e-4,0.7853467403106265
falsk,6,7,95,2.83245999150262e-4,0.7856299863097767
fascinere,6,7,95,2.83245999150262e-4,0.785913232308927
folkevalgt,6,7,95,2.83245999150262e-4,0.7861964783080773
forurensningsfri,6,7,95,2.83245999150262e-4,0.7864797243072275
fredelig,6,7,95,2.83245999150262e-4,0.7867629703063778
gjenta,6,7,95,2.83245999150262e-4,0.787046216305528
glitrende,6,7,95,2.83245999150262e-4,0.7873294623046783
hemmelig,6,7,95,2.83245999150262e-4,0.7876127083038286
herlig,6,7,95,2.83245999150262e-4,0.7878959543029788
høyre,6,7,95,2.83245999150262e-4,0.7881792003021291
humanistisk,6,7,95,2.83245999150262e-4,0.7884624463012793
innflytelsesrik,6,7,95,2.83245999150262e-4,0.7887456923004296
irritere,6,7,95,2.83245999150262e-4,0.7890289382995799
islamistisk,6,7,95,2.83245999150262e-4,0.7893121842987301
kenyansk,6,7,95,2.83245999150262e-4,0.7895954302978804
konkurransedyktig,6,7,95,2.83245999150262e-4,0.7898786762970307
konservativ,6,7,95,2.83245999150262e-4,0.7901619222961809
kunstnerisk,6,7,95,2.83245999150262e-4,0.7904451682953312
langsom,6,7,95,2.83245999150262e-4,0.7907284142944814
langvarig,6,7,95,2.83245999150262e-4,0.7910116602936317
legendarisk,6,7,95,2.83245999150262e-4,0.791294906292782
ligge,6,7,95,2.83245999150262e-4,0.7915781522919322
liknende,6,7,95,2.83245999150262e-4,0.7918613982910825
merke,6,7,95,2.83245999150262e-4,0.7921446442902327
nødt,6,7,95,2.83245999150262e-4,0.792427890289383
nyansere,6,7,95,2.83245999150262e-4,0.7927111362885333
ødelegge,6,7,95,2.83245999150262e-4,0.7929943822876835
offensiv,6,7,95,2.83245999150262e-4,0.7932776282868338
offshore,6,7,95,2.83245999150262e-4,0.793560874285984
økologisk,6,7,95,2.83245999150262e-4,0.7938441202851343
ønske,6,7,95,2.83245999150262e-4,0.7941273662842846
oppsiktsvekkende,6,7,95,2.83245999150262e-4,0.7944106122834348
ordinær,6,7,95,2.83245999150262e-4,0.7946938582825851
pinlig,6,7,95,2.83245999150262e-4,0.7949771042817353
pompøs,6,7,95,2.83245999150262e-4,0.7952603502808856
rå,6,7,95,2.83245999150262e-4,0.7955435962800359
rase,6,7,95,2.83245999150262e-4,0.7958268422791861
realistisk,6,7,95,2.83245999150262e-4,0.7961100882783364
sjarmere,6,7,95,2.83245999150262e-4,0.7963933342774866
smart,6,7,95,2.83245999150262e-4,0.7966765802766369
somalisk,6,7,95,2.83245999150262e-4,0.7969598262757872
stråle,6,7,95,2.83245999150262e-4,0.7972430722749374
stresse,6,7,95,2.83245999150262e-4,0.7975263182740877
taus,6,7,95,2.83245999150262e-4,0.797809564273238
tørr,6,7,95,2.83245999150262e-4,0.7980928102723882
uhyre,6,7,95,2.83245999150262e-4,0.7983760562715385
underlig,6,7,95,2.83245999150262e-4,0.7986593022706887
upopulær,6,7,95,2.83245999150262e-4,0.798942548269839
utfordrende,6,7,95,2.83245999150262e-4,0.7992257942689893
uttale,6,7,95,2.83245999150262e-4,0.7995090402681395
utvikle,6,7,95,2.83245999150262e-4,0.7997922862672898
velkjent,6,7,95,2.83245999150262e-4,0.80007553226644
vente,6,7,95,2.83245999150262e-4,0.8003587782655903
vill,6,7,95,2.83245999150262e-4,0.8006420242647406
3.,5,7,96,2.3603833262521832e-4,0.8008780625973658
6.,5,7,96,2.3603833262521832e-4,0.801114100929991
akseptabel,5,7,96,2.3603833262521832e-4,0.8013501392626162
ambisiøs,5,7,96,2.3603833262521832e-4,0.8015861775952414
begeistre,5,7,96,2.3603833262521832e-4,0.8018222159278666
besøke,5,7,96,2.3603833262521832e-4,0.8020582542604919
børsnotere,5,7,96,2.3603833262521832e-4,0.8022942925931171
deltidsansatt,5,7,96,2.3603833262521832e-4,0.8025303309257423
dø,5,7,96,2.3603833262521832e-4,0.8027663692583675
edel,5,7,96,2.3603833262521832e-4,0.8030024075909927
ekstern,5,7,96,2.3603833262521832e-4,0.8032384459236179
elektrisk,5,7,96,2.3603833262521832e-4,0.8034744842562432
elektronisk,5,7,96,2.3603833262521832e-4,0.8037105225888684
endre,5,7,96,2.3603833262521832e-4,0.8039465609214936
enestående,5,7,96,2.3603833262521832e-4,0.8041825992541188
ensidig,5,7,96,2.3603833262521832e-4,0.804418637586744
enslig,5,7,96,2.3603833262521832e-4,0.8046546759193693
estetisk,5,7,96,2.3603833262521832e-4,0.8048907142519945
etnisk,5,7,96,2.3603833262521832e-4,0.8051267525846197
evig,5,7,96,2.3603833262521832e-4,0.8053627909172449
fortløpende,5,7,96,2.3603833262521832e-4,0.8055988292498701
fortrolig,5,7,96,2.3603833262521832e-4,0.8058348675824953
fortsette,5,7,96,2.3603833262521832e-4,0.8060709059151207
fortvilet,5,7,96,2.3603833262521832e-4,0.8063069442477458
forutsigbar,5,7,96,2.3603833262521832e-4,0.806542982580371
forvente,5,7,96,2.3603833262521832e-4,0.8067790209129962
fristende,5,7,96,2.3603833262521832e-4,0.8070150592456214
fungere,5,7,96,2.3603833262521832e-4,0.8072510975782466
genial,5,7,96,2.3603833262521832e-4,0.807487135910872
geografisk,5,7,96,2.3603833262521832e-4,0.8077231742434972
gi,5,7,96,2.3603833262521832e-4,0.8079592125761224
gjennomtenke,5,7,96,2.3603833262521832e-4,0.8081952509087476
gravid,5,7,96,2.3603833262521832e-4,0.8084312892413728
gry,5,7,96,2.3603833262521832e-4,0.808667327573998
harmløs,5,7,96,2.3603833262521832e-4,0.8089033659066233
homoseksuell,5,7,96,2.3603833262521832e-4,0.8091394042392485
ideell,5,7,96,2.3603833262521832e-4,0.8093754425718737
illegal,5,7,96,2.3603833262521832e-4,0.8096114809044989
individuell,5,7,96,2.3603833262521832e-4,0.8098475192371241
islamsk,5,7,96,2.3603833262521832e-4,0.8100835575697493
ivrig,5,7,96,2.3603833262521832e-4,0.8103195959023746
jævlig,5,7,96,2.3603833262521832e-4,0.8105556342349998
katastrofal,5,7,96,2.3603833262521832e-4,0.810791672567625
kjapp,5,7,96,2.3603833262521832e-4,0.8110277109002502
kjip,5,7,96,2.3603833262521832e-4,0.8112637492328754
konvensjonell,5,7,96,2.3603833262521832e-4,0.8114997875655007
kostbar,5,7,96,2.3603833262521832e-4,0.8117358258981259
kraftfull,5,7,96,2.3603833262521832e-4,0.8119718642307511
likeverdig,5,7,96,2.3603833262521832e-4,0.8122079025633763
livredd,5,7,96,2.3603833262521832e-4,0.8124439408960015
livssynsmessig,5,7,96,2.3603833262521832e-4,0.8126799792286267
lovlig,5,7,96,2.3603833262521832e-4,0.812916017561252
midlertidig,5,7,96,2.3603833262521832e-4,0.8131520558938772
mystisk,5,7,96,2.3603833262521832e-4,0.8133880942265024
nærliggende,5,7,96,2.3603833262521832e-4,0.8136241325591276
nervøs,5,7,96,2.3603833262521832e-4,0.8138601708917528
nevneverdig,5,7,96,2.3603833262521832e-4,0.814096209224378
nybakt,5,7,96,2.3603833262521832e-4,0.8143322475570033
ok,5,7,96,2.3603833262521832e-4,0.8145682858896285
oppdatere,5,7,96,2.3603833262521832e-4,0.8148043242222537
organisere,5,7,96,2.3603833262521832e-4,0.8150403625548789
pågående,5,7,96,2.3603833262521832e-4,0.8152764008875041
pliktoppfyllende,5,7,96,2.3603833262521832e-4,0.8155124392201293
potensiell,5,7,96,2.3603833262521832e-4,0.8157484775527546
profilere,5,7,96,2.3603833262521832e-4,0.8159845158853798
restriktiv,5,7,96,2.3603833262521832e-4,0.816220554218005
rørende,5,7,96,2.3603833262521832e-4,0.8164565925506302
sakte,5,7,96,2.3603833262521832e-4,0.8166926308832554
skattefri,5,7,96,2.3603833262521832e-4,0.8169286692158807
skrive,5,7,96,2.3603833262521832e-4,0.8171647075485059
skyldig,5,7,96,2.3603833262521832e-4,0.8174007458811311
slitsom,5,7,96,2.3603833262521832e-4,0.8176367842137563
slutt,5,7,96,2.3603833262521832e-4,0.8178728225463815
sort,5,7,96,2.3603833262521832e-4,0.8181088608790067
språklig,5,7,96,2.3603833262521832e-4,0.818344899211632
stabil,5,7,96,2.3603833262521832e-4,0.8185809375442572
storslått,5,7,96,2.3603833262521832e-4,0.8188169758768824
strak,5,7,96,2.3603833262521832e-4,0.8190530142095076
systematisk,5,7,96,2.3603833262521832e-4,0.8192890525421328
tilhøre,5,7,96,2.3603833262521832e-4,0.819525090874758
tjene,5,7,96,2.3603833262521832e-4,0.8197611292073833
trofast,5,7,96,2.3603833262521832e-4,0.8199971675400085
truende,5,7,96,2.3603833262521832e-4,0.8202332058726337
tvilsom,5,7,96,2.3603833262521832e-4,0.8204692442052589
tynn,5,7,96,2.3603833262521832e-4,0.8207052825378841
ubevisst,5,7,96,2.3603833262521832e-4,0.8209413208705093
uendelig,5,7,96,2.3603833262521832e-4,0.8211773592031346
ufør,5,7,96,2.3603833262521832e-4,0.8214133975357598
uklar,5,7,96,2.3603833262521832e-4,0.821649435868385
urolig,5,7,96,2.3603833262521832e-4,0.8218854742010102
usynlig,5,7,96,2.3603833262521832e-4,0.8221215125336354
utsolgt,5,7,96,2.3603833262521832e-4,0.8223575508662606
vag,5,7,96,2.3603833262521832e-4,0.8225935891988859
varig,5,7,96,2.3603833262521832e-4,0.8228296275315111
våt,5,7,96,2.3603833262521832e-4,0.8230656658641363
verdensberømt,5,7,96,2.3603833262521832e-4,0.8233017041967615
verdig,5,7,96,2.3603833262521832e-4,0.8235377425293867
visuell,5,7,96,2.3603833262521832e-4,0.823773780862012
ypperlig,5,7,96,2.3603833262521832e-4,0.8240098191946372
13.,4,8,97,1.8883066610017466e-4,0.8241986498607373
21.,4,8,97,1.8883066610017466e-4,0.8243874805268375
29.,4,8,97,1.8883066610017466e-4,0.8245763111929377
5.,4,8,97,1.8883066610017466e-4,0.8247651418590379
akutt,4,8,97,1.8883066610017466e-4,0.824953972525138
åndelig,4,8,97,1.8883066610017466e-4,0.8251428031912382
antisemittisk,4,8,97,1.8883066610017466e-4,0.8253316338573384
balansere,4,8,97,1.8883066610017466e-4,0.8255204645234386
begrave,4,8,97,1.8883066610017466e-4,0.8257092951895387
behagelig,4,8,97,1.8883066610017466e-4,0.8258981258556389
bekjent,4,8,97,1.8883066610017466e-4,0.8260869565217391
bestå,4,8,97,1.8883066610017466e-4,0.8262757871878393
bevæpne,4,8,97,1.8883066610017466e-4,0.8264646178539394
bevart,4,8,97,1.8883066610017466e-4,0.8266534485200396
bitter,4,8,97,1.8883066610017466e-4,0.8268422791861398
bosatt,4,8,97,1.8883066610017466e-4,0.82703110985224
brenne,4,8,97,1.8883066610017466e-4,0.8272199405183401
brun,4,8,97,1.8883066610017466e-4,0.8274087711844403
dekke,4,8,97,1.8883066610017466e-4,0.8275976018505405
detaljert,4,8,97,1.8883066610017466e-4,0.8277864325166406
diverse,4,8,97,1.8883066610017466e-4,0.8279752631827408
dobbel,4,8,97,1.8883066610017466e-4,0.828164093848841
eksakt,4,8,97,1.8883066610017466e-4,0.8283529245149412
eksentrisk,4,8,97,1.8883066610017466e-4,0.8285417551810413
elegant,4,8,97,1.8883066610017466e-4,0.8287305858471415
elske,4,8,97,1.8883066610017466e-4,0.8289194165132417
engstelig,4,8,97,1.8883066610017466e-4,0.829108247179342
ensom,4,8,97,1.8883066610017466e-4,0.829297077845442
enstemmig,4,8,97,1.8883066610017466e-4,0.8294859085115422
færøysk,4,8,97,1.8883066610017466e-4,0.8296747391776425
feilaktig,4,8,97,1.8883066610017466e-4,0.8298635698437427
femte,4,8,97,1.8883066610017466e-4,0.8300524005098427
fet,4,8,97,1.8883066610017466e-4,0.830241231175943
føde,4,8,97,1.8883066610017466e-4,0.8304300618420432
forene,4,8,97,1.8883066610017466e-4,0.8306188925081434
forgangen,4,8,97,1.8883066610017466e-4,0.8308077231742435
forgjeves,4,8,97,1.8883066610017466e-4,0.8309965538403437
fortjent,4,8,97,1.8883066610017466e-4,0.8311853845064439
framtidig,4,8,97,1.8883066610017466e-4,0.831374215172544
fremtidsrettet,4,8,97,1.8883066610017466e-4,0.8315630458386442
funksjonshemmet,4,8,97,1.8883066610017466e-4,0.8317518765047444
gammeldags,4,8,97,1.8883066610017466e-4,0.8319407071708446
garantere,4,8,97,1.8883066610017466e-4,0.8321295378369447
geologisk,4,8,97,1.8883066610017466e-4,0.8323183685030449
gjennomgående,4,8,97,1.8883066610017466e-4,0.8325071991691451
håpløs,4,8,97,1.8883066610017466e-4,0.8326960298352453
heleie,4,8,97,1.8883066610017466e-4,0.8328848605013454
hensiktsmessig,4,8,97,1.8883066610017466e-4,0.8330736911674456
heterofil,4,8,97,1.8883066610017466e-4,0.8332625218335458
hovedsakelig,4,8,97,1.8883066610017466e-4,0.833451352499646
hurtig,4,8,97,1.8883066610017466e-4,0.8336401831657461
hyppig,4,8,97,1.8883066610017466e-4,0.8338290138318463
industriell,4,8,97,1.8883066610017466e-4,0.8340178444979465
innstille,4,8,97,1.8883066610017466e-4,0.8342066751640467
intakt,4,8,97,1.8883066610017466e-4,0.8343955058301468
islamfiendtlig,4,8,97,1.8883066610017466e-4,0.834584336496247
islandsk,4,8,97,1.8883066610017466e-4,0.8347731671623472
isolere,4,8,97,1.8883066610017466e-4,0.8349619978284474
journalistisk,4,8,97,1.8883066610017466e-4,0.8351508284945475
komfortabel,4,8,97,1.8883066610017466e-4,0.8353396591606477
kompetent,4,8,97,1.8883066610017466e-4,0.8355284898267479
komplisere,4,8,97,1.8883066610017466e-4,0.835717320492848
kritikkverdig,4,8,97,1.8883066610017466e-4,0.8359061511589482
kvinnelig,4,8,97,1.8883066610017466e-4,0.8360949818250484
lage,4,8,97,1.8883066610017466e-4,0.8362838124911486
latterlig,4,8,97,1.8883066610017466e-4,0.8364726431572487
liberal,4,8,97,1.8883066610017466e-4,0.8366614738233489
luthersk,4,8,97,1.8883066610017466e-4,0.8368503044894491
lystig,4,8,97,1.8883066610017466e-4,0.8370391351555493
